# CO_RATE = 0.2, MU_RATE = 0.01
# Length = 8, ElemsNum = 64, Iterations = 200
# Linear fitness
0.8675 0.503835714286 0.496164285714
0.817142857143 0.528126785714 0.471873214286
0.818928571429 0.546878571429 0.453121428571
0.866785714286 0.589153571429 0.410846428571
0.863928571429 0.623757142857 0.376242857143
0.909642857143 0.647267857143 0.352732142857
0.864285714286 0.666453571429 0.333546428571
0.898214285714 0.679251785714 0.320748214286
0.896428571429 0.6999625 0.3000375
0.887857142857 0.718698214286 0.281301785714
0.901785714286 0.7375 0.2625
0.9 0.737875 0.262125
0.898928571429 0.750646428571 0.249353571429
0.868928571429 0.746375 0.253625
0.868214285714 0.749216071429 0.250783928571
0.868571428571 0.755594642857 0.244405357143
0.868928571429 0.765523214286 0.234476785714
0.867142857143 0.771232142857 0.228767857143
0.868571428571 0.781671428571 0.218328571429
0.8675 0.781135714286 0.218864285714
0.8675 0.78845 0.21155
0.868928571429 0.789344642857 0.210655357143
0.871785714286 0.792246428571 0.207753571429
0.889642857143 0.79945 0.20055
0.873928571429 0.799978571429 0.200021428571
0.8725 0.804758928571 0.195241071429
0.871071428571 0.813778571429 0.186221428571
0.873928571429 0.810544642857 0.189455357143
0.881428571429 0.809225 0.190775
0.873214285714 0.812596428571 0.187403571429
0.898214285714 0.813941071429 0.186058928571
0.872142857143 0.8140625 0.1859375
0.870357142857 0.809416071429 0.190583928571
0.872857142857 0.811783928571 0.188216071429
0.871071428571 0.813057142857 0.186942857143
0.872142857143 0.809135714286 0.190864285714
0.872857142857 0.812276785714 0.187723214286
0.876071428571 0.815598214286 0.184401785714
0.881071428571 0.813203571429 0.186796428571
0.881428571429 0.813923214286 0.186076785714
0.881071428571 0.812476785714 0.187523214286
0.883928571429 0.819042857143 0.180957142857
0.893928571429 0.817025 0.182975
0.887857142857 0.812582142857 0.187417857143
0.885357142857 0.816930357143 0.183069642857
0.88 0.815775 0.184225
0.874285714286 0.818239285714 0.181760714286
0.876071428571 0.823298214286 0.176701785714
0.873571428571 0.825308928571 0.174691071429
0.902142857143 0.8277625 0.1722375
0.897857142857 0.828373214286 0.171626785714
0.876071428571 0.832064285714 0.167935714286
0.871428571429 0.830016071429 0.169983928571
0.868928571429 0.830380357143 0.169619642857
0.868571428571 0.829164285714 0.170835714286
0.898214285714 0.828757142857 0.171242857143
0.867857142857 0.828501785714 0.171498214286
0.875 0.826933928571 0.173066071429
0.8775 0.823019642857 0.176980357143
0.877142857143 0.822557142857 0.177442857143
0.878214285714 0.823333928571 0.176666071429
0.875 0.824569642857 0.175430357143
0.872142857143 0.826505357143 0.173494642857
0.875714285714 0.826026785714 0.173973214286
0.880357142857 0.825985714286 0.174014285714
0.878928571429 0.826405357143 0.173594642857
0.880357142857 0.823771428571 0.176228571429
0.878214285714 0.829903571429 0.170096428571
0.881428571429 0.8268875 0.1731125
0.893928571429 0.829033928571 0.170966071429
0.929642857143 0.8281375 0.1718625
0.892857142857 0.825717857143 0.174282142857
0.828214285714 0.824717857143 0.175282142857
0.826428571429 0.821273214286 0.178726785714
0.930714285714 0.823576785714 0.176423214286
0.930357142857 0.824539285714 0.175460714286
0.9325 0.825630357143 0.174369642857
0.928571428571 0.820775 0.179225
0.928571428571 0.823117857143 0.176882142857
0.928571428571 0.8225 0.1775
0.928571428571 0.821785714286 0.178214285714
0.928571428571 0.823928571429 0.176071428571
0.928928571429 0.828017857143 0.171982142857
0.928571428571 0.827953571429 0.172046428571
0.928571428571 0.826166071429 0.173833928571
0.928214285714 0.829046428571 0.170953571429
0.928928571429 0.829416071429 0.170583928571
0.929285714286 0.831101785714 0.168898214286
0.93 0.835723214286 0.164276785714
0.930357142857 0.837785714286 0.162214285714
0.929642857143 0.841376785714 0.158623214286
0.928928571429 0.839857142857 0.160142857143
0.964642857143 0.835333928571 0.164666071429
0.964285714286 0.841607142857 0.158392857143
0.963928571429 0.841608928571 0.158391071429
0.962857142857 0.844232142857 0.155767857143
0.928214285714 0.847516071429 0.152483928571
0.928928571429 0.851096428571 0.148903571429
0.928571428571 0.854592857143 0.145407142857
0.929285714286 0.862326785714 0.137673214286
0.93 0.872317857143 0.127682142857
0.93 0.873007142857 0.126992857143
0.929642857143 0.878005357143 0.121994642857
0.929285714286 0.884383928571 0.115616071429
0.928928571429 0.8844125 0.1155875
0.928571428571 0.889973214286 0.110026785714
0.962142857143 0.891732142857 0.108267857143
0.963214285714 0.895525 0.104475
0.963928571429 0.896596428571 0.103403571429
0.9625 0.897107142857 0.102892857143
0.928571428571 0.899075 0.100925
0.928571428571 0.900357142857 0.0996428571429
0.928571428571 0.898571428571 0.101428571429
0.928214285714 0.907985714286 0.0920142857143
0.928214285714 0.913755357143 0.0862446428571
0.927857142857 0.913919642857 0.0860803571429
0.929642857143 0.913398214286 0.0866017857143
0.928571428571 0.9138 0.0862
0.971071428571 0.915558928571 0.0844410714286
0.972857142857 0.918319642857 0.0816803571429
0.971428571429 0.921660714286 0.0783392857143
0.928214285714 0.923551785714 0.0764482142857
0.927857142857 0.924946428571 0.0750535714286
0.9275 0.922385714286 0.0776142857143
0.951785714286 0.919405357143 0.0805946428571
0.955 0.923105357143 0.0768946428571
0.951071428571 0.921169642857 0.0788303571429
0.95 0.922608928571 0.0773910714286
0.948928571429 0.920610714286 0.0793892857143
0.945357142857 0.919428571429 0.0805714285714
0.941428571429 0.918221428571 0.0817785714286
0.940357142857 0.918080357143 0.0819196428571
0.936428571429 0.916401785714 0.0835982142857
0.931785714286 0.912751785714 0.0872482142857
0.926071428571 0.907933928571 0.0920660714286
0.922142857143 0.905360714286 0.0946392857143
0.914285714286 0.903148214286 0.0968517857143
0.914285714286 0.903242857143 0.0967571428571
0.912857142857 0.901028571429 0.0989714285714
0.906071428571 0.898730357143 0.101269642857
0.958928571429 0.896803571429 0.103196428571
0.960714285714 0.895553571429 0.104446428571
0.960714285714 0.894792857143 0.105207142857
0.961071428571 0.895378571429 0.104621428571
0.961785714286 0.894278571429 0.105721428571
0.961071428571 0.894380357143 0.105619642857
0.962857142857 0.8946 0.1054
0.965 0.896444642857 0.103555357143
0.964285714286 0.894267857143 0.105732142857
0.963928571429 0.891491071429 0.108508928571
0.963571428571 0.89095 0.10905
0.928214285714 0.889414285714 0.110585714286
0.927857142857 0.888932142857 0.111067857143
0.927857142857 0.889630357143 0.110369642857
0.926071428571 0.8899375 0.1100625
0.927142857143 0.890344642857 0.109655357143
0.926785714286 0.8918 0.1082
0.9275 0.893105357143 0.106894642857
0.927857142857 0.893589285714 0.106410714286
0.928214285714 0.894344642857 0.105655357143
0.928214285714 0.893067857143 0.106932142857
0.928571428571 0.890614285714 0.109385714286
0.927857142857 0.887525 0.112475
0.927857142857 0.891842857143 0.108157142857
0.927857142857 0.892882142857 0.107117857143
0.929285714286 0.890685714286 0.109314285714
0.928214285714 0.890017857143 0.109982142857
0.928571428571 0.892992857143 0.107007142857
0.963571428571 0.894398214286 0.105601785714
0.930357142857 0.896344642857 0.103655357143
0.929642857143 0.895282142857 0.104717857143
0.960357142857 0.896001785714 0.103998214286
0.961785714286 0.896416071429 0.103583928571
0.962142857143 0.897358928571 0.102641071429
0.965714285714 0.897198214286 0.102801785714
0.962142857143 0.898575 0.101425
0.9625 0.897942857143 0.102057142857
0.964642857143 0.896869642857 0.103130357143
0.966428571429 0.899275 0.100725
0.964285714286 0.900830357143 0.0991696428571
0.963928571429 0.903114285714 0.0968857142857
0.964642857143 0.903639285714 0.0963607142857
0.965357142857 0.903314285714 0.0966857142857
0.965 0.902053571429 0.0979464285714
0.965357142857 0.902257142857 0.0977428571429
0.965 0.902651785714 0.0973482142857
0.964285714286 0.9028625 0.0971375
0.9625 0.901033928571 0.0989660714286
0.960714285714 0.902685714286 0.0973142857143
0.958571428571 0.903183928571 0.0968160714286
0.953571428571 0.901271428571 0.0987285714286
0.956428571429 0.902248214286 0.0977517857143
0.9575 0.899919642857 0.100080357143
0.958571428571 0.897658928571 0.102341071429
0.96 0.900142857143 0.0998571428571
0.958928571429 0.9003 0.0997
0.96 0.899717857143 0.100282142857
0.960714285714 0.904414285714 0.0955857142857
0.960357142857 0.903771428571 0.0962285714286
0.960714285714 0.904042857143 0.0959571428571
