0.844642857143 32
[[1, 7], [6, 3], [5, 6], [2, 7], [5, 2], [0, 7], [4, 3], [5, 4], [1, 4], [5, 5], [6, 4], [2, 4], [3, 6], [3, 0], [0, 6], [1, 7], [0, 6], [3, 7], [1, 7], [3, 4], [4, 6], [5, 0], [1, 7], [7, 5], [0, 6], [0, 5], [4, 0], [1, 2], [7, 7], [0, 7], [0, 5], [1, 1]]
0.851071428571 35
[[1, 7], [4, 2], [1, 4], [0, 1], [7, 1], [1, 2], [0, 3], [2, 5], [7, 2], [5, 3], [4, 5], [7, 7], [0, 2], [0, 7], [3, 4], [5, 3], [3, 2], [2, 5], [5, 4], [0, 6], [3, 7], [1, 7], [3, 4], [4, 6], [5, 0], [1, 7], [7, 5], [0, 6], [0, 5], [4, 0], [1, 2], [7, 7], [0, 7], [0, 5], [1, 1]]
0.848214285714 35
[[1, 7], [4, 2], [1, 4], [0, 1], [7, 1], [1, 2], [0, 3], [2, 5], [7, 2], [5, 3], [4, 5], [7, 7], [0, 2], [0, 7], [3, 4], [5, 3], [3, 2], [2, 5], [5, 4], [0, 6], [3, 7], [1, 7], [3, 4], [4, 6], [5, 0], [1, 7], [7, 5], [0, 6], [0, 5], [4, 0], [1, 2], [7, 7], [0, 7], [0, 5], [1, 1]]
0.835714285714 34
[[3, 7], [1, 7], [5, 0], [2, 3], [5, 3], [4, 6], [5, 7], [0, 0], [1, 4], [6, 7], [0, 0], [5, 0], [4, 3], [5, 6], [1, 0], [4, 5], [2, 5], [5, 4], [0, 6], [3, 7], [1, 7], [3, 4], [4, 6], [5, 0], [1, 7], [7, 5], [0, 6], [0, 5], [4, 0], [1, 2], [7, 7], [0, 7], [0, 5], [1, 1]]
0.851428571429 47
[[1, 4], [6, 3], [4, 7], [0, 0], [7, 6], [1, 6], [5, 2], [5, 0], [5, 0], [1, 2], [4, 1], [3, 4], [7, 4], [0, 5], [5, 2], [0, 4], [1, 3], [1, 0], [5, 7], [7, 3], [4, 7], [3, 1], [4, 3], [0, 2], [6, 7], [3, 5], [6, 1], [3, 3], [3, 3], [4, 6], [7, 0], [0, 6], [1, 2], [1, 3], [2, 4], [4, 1], [3, 5], [1, 0], [7, 2], [5, 0], [2, 6], [1, 7], [1, 3], [2, 1], [4, 2], [0, 4], [5, 7]]
0.903214285714 39
[[2, 4], [1, 5], [5, 5], [7, 2], [3, 0], [2, 0], [6, 2], [2, 7], [5, 1], [5, 6], [6, 2], [4, 2], [7, 5], [7, 7], [4, 1], [7, 5], [2, 5], [7, 3], [4, 5], [3, 6], [6, 0], [4, 5], [2, 0], [6, 1], [1, 3], [1, 1], [0, 7], [1, 4], [1, 4], [3, 2], [2, 2], [3, 4], [7, 4], [4, 2], [3, 0], [5, 7], [5, 2], [2, 6], [0, 3]]
0.895357142857 39
[[2, 4], [1, 5], [5, 5], [7, 2], [3, 0], [2, 0], [6, 2], [2, 7], [5, 1], [5, 6], [6, 2], [4, 2], [7, 5], [7, 7], [4, 1], [7, 5], [2, 5], [7, 3], [4, 5], [3, 6], [6, 0], [4, 5], [2, 0], [6, 1], [1, 3], [1, 1], [0, 7], [1, 4], [1, 4], [3, 2], [2, 2], [3, 4], [7, 4], [4, 2], [3, 0], [5, 7], [5, 2], [2, 6], [0, 3]]
0.890714285714 44
[[2, 4], [1, 5], [5, 5], [7, 2], [3, 0], [2, 0], [6, 2], [2, 7], [5, 1], [5, 6], [6, 2], [4, 2], [7, 5], [7, 7], [4, 1], [7, 5], [2, 5], [7, 3], [4, 3], [2, 2], [4, 4], [0, 5], [3, 5], [4, 4], [3, 6], [6, 0], [4, 5], [2, 0], [6, 1], [1, 3], [1, 1], [0, 7], [1, 4], [1, 4], [3, 2], [2, 2], [3, 4], [7, 4], [4, 2], [3, 0], [5, 7], [5, 2], [2, 6], [0, 3]]
0.930714285714 44
[[1, 2], [6, 4], [4, 2], [4, 1], [0, 2], [0, 6], [7, 1], [0, 6], [4, 0], [6, 0], [4, 4], [3, 3], [5, 1], [1, 6], [2, 5], [1, 3], [0, 0], [6, 1], [4, 7], [4, 0], [7, 5], [3, 2], [1, 3], [7, 6], [7, 4], [6, 0], [4, 5], [2, 0], [6, 1], [1, 3], [1, 1], [0, 7], [1, 4], [1, 4], [3, 2], [2, 2], [3, 4], [7, 4], [4, 2], [3, 0], [5, 7], [5, 2], [2, 6], [0, 3]]
0.924642857143 44
[[1, 2], [6, 4], [4, 2], [4, 1], [0, 2], [0, 6], [7, 1], [0, 6], [4, 0], [6, 0], [4, 4], [3, 3], [5, 1], [1, 6], [2, 5], [1, 3], [0, 0], [6, 1], [4, 7], [4, 0], [7, 5], [3, 2], [1, 3], [7, 6], [7, 4], [6, 0], [4, 5], [2, 0], [6, 1], [1, 3], [1, 1], [0, 7], [1, 4], [1, 4], [3, 2], [2, 2], [3, 4], [7, 4], [4, 2], [3, 0], [5, 7], [5, 2], [2, 6], [0, 3]]
0.9375 41
[[1, 7], [6, 3], [5, 6], [2, 7], [5, 2], [0, 7], [4, 3], [5, 4], [1, 4], [5, 5], [6, 4], [2, 4], [3, 6], [3, 0], [0, 6], [1, 7], [6, 6], [4, 5], [0, 1], [4, 3], [5, 7], [7, 4], [6, 0], [4, 5], [2, 0], [6, 1], [1, 3], [1, 1], [0, 7], [1, 4], [1, 4], [3, 2], [2, 2], [3, 4], [7, 4], [4, 2], [3, 0], [5, 7], [5, 2], [2, 6], [0, 3]]
0.918214285714 44
[[1, 2], [6, 4], [4, 2], [4, 1], [0, 2], [0, 6], [7, 1], [0, 6], [4, 0], [6, 0], [4, 4], [3, 3], [5, 1], [1, 6], [2, 5], [1, 3], [0, 0], [6, 1], [4, 7], [4, 0], [7, 5], [3, 2], [1, 3], [7, 6], [7, 4], [6, 0], [4, 5], [2, 0], [6, 1], [1, 3], [1, 1], [0, 7], [1, 4], [1, 4], [3, 2], [2, 2], [3, 4], [7, 4], [4, 2], [3, 0], [5, 7], [5, 2], [2, 6], [0, 3]]
0.9175 44
[[1, 2], [6, 4], [4, 2], [4, 1], [0, 2], [0, 6], [7, 1], [0, 6], [4, 0], [6, 0], [4, 4], [3, 3], [5, 1], [1, 6], [2, 5], [1, 3], [0, 0], [6, 1], [4, 7], [4, 0], [7, 5], [3, 2], [1, 3], [7, 6], [7, 4], [6, 0], [4, 5], [2, 0], [6, 1], [1, 3], [1, 1], [0, 7], [1, 4], [1, 4], [3, 2], [2, 2], [3, 4], [7, 4], [4, 2], [3, 0], [5, 7], [5, 2], [2, 6], [0, 3]]
0.916428571429 43
[[1, 2], [6, 4], [4, 2], [4, 1], [0, 2], [0, 6], [7, 1], [0, 6], [4, 0], [6, 0], [4, 4], [3, 3], [5, 1], [1, 6], [2, 5], [1, 3], [0, 0], [6, 1], [4, 7], [4, 0], [7, 5], [0, 2], [7, 6], [7, 4], [6, 0], [4, 5], [2, 0], [6, 1], [1, 3], [1, 1], [0, 7], [1, 4], [1, 4], [3, 2], [2, 2], [3, 4], [7, 4], [4, 2], [3, 0], [5, 7], [5, 2], [2, 6], [0, 3]]
0.901785714286 42
[[1, 2], [6, 4], [4, 2], [4, 1], [0, 2], [0, 6], [7, 1], [0, 6], [4, 0], [6, 0], [4, 4], [3, 3], [5, 1], [1, 6], [2, 5], [1, 3], [0, 0], [6, 1], [4, 7], [4, 0], [7, 5], [7, 6], [7, 4], [6, 0], [4, 5], [2, 0], [6, 1], [1, 3], [1, 1], [0, 7], [1, 4], [1, 4], [3, 2], [2, 2], [3, 4], [7, 4], [4, 2], [3, 0], [5, 7], [5, 2], [2, 6], [0, 3]]
0.950714285714 41
[[1, 7], [6, 3], [5, 6], [2, 7], [5, 2], [0, 7], [4, 3], [5, 4], [1, 4], [5, 5], [6, 4], [2, 4], [3, 6], [3, 0], [0, 6], [1, 7], [6, 6], [4, 5], [0, 1], [4, 3], [7, 4], [7, 4], [6, 0], [4, 5], [2, 0], [6, 1], [1, 3], [1, 1], [0, 7], [1, 4], [1, 4], [3, 2], [2, 2], [3, 4], [7, 4], [4, 2], [3, 0], [5, 7], [5, 2], [2, 6], [0, 3]]
0.923928571429 42
[[0, 6], [6, 2], [0, 4], [6, 1], [6, 4], [1, 6], [2, 2], [7, 2], [7, 5], [7, 6], [2, 5], [1, 0], [3, 5], [6, 6], [4, 5], [1, 3], [7, 5], [7, 6], [1, 7], [4, 1], [2, 3], [7, 6], [7, 4], [6, 0], [4, 5], [2, 0], [6, 1], [1, 3], [1, 1], [0, 7], [1, 4], [1, 4], [3, 2], [2, 2], [3, 4], [7, 4], [4, 2], [3, 0], [5, 7], [5, 2], [2, 6], [0, 3]]
0.925 42
[[0, 5], [3, 2], [6, 4], [1, 2], [1, 6], [7, 3], [0, 6], [6, 3], [4, 1], [1, 2], [5, 6], [2, 3], [1, 4], [7, 2], [6, 3], [7, 1], [5, 6], [5, 4], [2, 4], [5, 7], [1, 6], [3, 5], [3, 6], [6, 0], [4, 5], [2, 0], [6, 1], [1, 3], [1, 1], [0, 7], [1, 4], [1, 4], [3, 2], [2, 2], [3, 4], [7, 4], [4, 2], [3, 0], [5, 7], [5, 2], [2, 6], [0, 3]]
0.925357142857 42
[[0, 5], [3, 2], [6, 4], [1, 2], [1, 6], [7, 3], [0, 6], [6, 3], [4, 1], [1, 2], [5, 6], [2, 3], [1, 4], [7, 2], [6, 3], [7, 1], [5, 6], [5, 4], [2, 4], [5, 7], [1, 6], [3, 5], [3, 6], [6, 0], [4, 5], [2, 0], [6, 1], [1, 3], [1, 1], [0, 7], [1, 4], [1, 4], [3, 2], [2, 2], [3, 4], [7, 4], [4, 2], [3, 0], [5, 7], [5, 2], [2, 6], [0, 3]]
0.911428571429 41
[[4, 6], [7, 1], [7, 7], [5, 0], [0, 5], [3, 6], [4, 7], [1, 5], [0, 7], [4, 7], [4, 4], [6, 5], [3, 4], [4, 6], [4, 2], [7, 6], [3, 4], [4, 6], [6, 3], [1, 4], [7, 6], [7, 4], [6, 0], [4, 5], [2, 0], [6, 1], [1, 3], [1, 1], [0, 7], [1, 4], [1, 4], [3, 2], [2, 2], [3, 4], [7, 4], [4, 2], [3, 0], [5, 7], [5, 2], [2, 6], [0, 3]]
0.9225 42
[[1, 7], [6, 3], [5, 6], [2, 7], [5, 2], [0, 7], [4, 3], [5, 4], [1, 4], [5, 5], [6, 4], [2, 4], [3, 6], [3, 0], [0, 6], [1, 7], [6, 6], [4, 5], [0, 1], [4, 3], [3, 5], [7, 6], [7, 4], [6, 0], [4, 5], [2, 0], [6, 1], [1, 3], [1, 1], [0, 7], [1, 4], [1, 4], [3, 2], [2, 2], [3, 4], [7, 4], [4, 2], [3, 0], [5, 7], [5, 2], [2, 6], [0, 3]]
0.925 41
[[1, 7], [6, 3], [5, 6], [2, 7], [5, 2], [0, 7], [4, 3], [5, 4], [1, 4], [5, 5], [6, 4], [2, 4], [3, 6], [3, 0], [0, 6], [1, 7], [6, 6], [4, 5], [0, 1], [4, 3], [7, 6], [7, 4], [6, 0], [4, 5], [2, 0], [6, 1], [1, 3], [1, 1], [0, 7], [1, 4], [1, 4], [3, 2], [2, 2], [3, 4], [7, 4], [4, 2], [3, 0], [5, 7], [5, 2], [2, 6], [0, 3]]
0.925714285714 41
[[1, 7], [6, 3], [5, 6], [2, 7], [5, 2], [0, 7], [4, 3], [5, 4], [1, 4], [5, 5], [6, 4], [2, 4], [3, 6], [3, 0], [0, 6], [1, 7], [6, 6], [4, 5], [0, 1], [4, 3], [7, 6], [7, 4], [6, 0], [4, 5], [2, 0], [6, 1], [1, 3], [1, 1], [0, 7], [1, 4], [1, 4], [3, 2], [2, 2], [3, 4], [7, 4], [4, 2], [3, 0], [5, 7], [5, 2], [2, 6], [0, 3]]
0.958928571429 42
[[0, 5], [3, 2], [6, 4], [1, 2], [1, 6], [7, 3], [0, 6], [6, 3], [4, 1], [1, 2], [5, 6], [2, 3], [1, 4], [7, 2], [6, 3], [7, 1], [5, 6], [5, 4], [2, 4], [4, 7], [3, 5], [7, 4], [7, 4], [6, 0], [4, 5], [2, 0], [6, 1], [1, 3], [1, 1], [0, 7], [1, 4], [1, 4], [3, 2], [2, 2], [3, 4], [7, 4], [4, 2], [3, 0], [5, 7], [5, 2], [2, 6], [0, 3]]
0.954642857143 42
[[1, 7], [6, 3], [5, 6], [2, 7], [5, 2], [0, 7], [4, 3], [5, 4], [1, 4], [5, 5], [6, 4], [2, 4], [3, 6], [3, 0], [0, 6], [1, 7], [6, 6], [4, 5], [0, 1], [4, 3], [3, 5], [7, 4], [7, 4], [6, 0], [4, 5], [2, 0], [6, 1], [1, 3], [1, 1], [0, 7], [1, 4], [1, 4], [3, 2], [2, 2], [3, 4], [7, 4], [4, 2], [3, 0], [5, 7], [5, 2], [2, 6], [0, 3]]
0.950714285714 42
[[1, 7], [6, 3], [5, 6], [2, 7], [5, 2], [0, 7], [4, 3], [5, 4], [1, 4], [5, 5], [6, 4], [2, 4], [3, 6], [3, 0], [0, 6], [1, 7], [6, 6], [4, 5], [0, 1], [4, 3], [3, 5], [7, 4], [7, 4], [6, 0], [4, 5], [2, 0], [6, 1], [1, 3], [1, 1], [0, 7], [1, 4], [1, 4], [3, 2], [2, 2], [3, 4], [7, 4], [4, 2], [3, 0], [5, 7], [5, 2], [2, 6], [0, 3]]
0.952857142857 42
[[1, 7], [6, 3], [5, 6], [2, 7], [5, 2], [0, 7], [4, 3], [5, 4], [1, 4], [5, 5], [6, 4], [2, 4], [3, 6], [3, 0], [0, 6], [1, 7], [6, 6], [4, 5], [0, 1], [4, 3], [3, 5], [7, 4], [7, 4], [6, 0], [4, 5], [2, 0], [6, 1], [1, 3], [1, 1], [0, 7], [1, 4], [1, 4], [3, 2], [2, 2], [3, 4], [7, 4], [4, 2], [3, 0], [5, 7], [5, 2], [2, 6], [0, 3]]
0.962142857143 42
[[1, 7], [6, 3], [5, 6], [2, 7], [5, 2], [0, 7], [4, 3], [5, 4], [1, 4], [5, 5], [6, 4], [2, 4], [3, 6], [3, 0], [0, 6], [1, 7], [6, 6], [4, 5], [0, 1], [4, 3], [3, 5], [7, 4], [7, 4], [6, 0], [4, 5], [2, 0], [6, 1], [1, 3], [1, 1], [0, 7], [1, 4], [1, 4], [3, 2], [2, 2], [3, 4], [7, 4], [4, 2], [3, 0], [5, 7], [5, 2], [2, 6], [0, 3]]
0.958928571429 42
[[1, 7], [6, 3], [5, 6], [2, 7], [5, 2], [0, 7], [4, 3], [5, 4], [1, 4], [5, 5], [6, 4], [2, 4], [3, 6], [3, 0], [0, 6], [1, 7], [6, 6], [4, 5], [0, 1], [4, 3], [3, 5], [7, 4], [7, 4], [6, 0], [4, 5], [2, 0], [6, 1], [1, 3], [1, 1], [0, 7], [1, 4], [1, 4], [3, 2], [2, 2], [3, 4], [7, 4], [4, 2], [3, 0], [5, 7], [5, 2], [2, 6], [0, 3]]
0.955714285714 42
[[1, 7], [6, 3], [5, 6], [2, 7], [5, 2], [0, 7], [4, 3], [5, 4], [1, 4], [5, 5], [6, 4], [2, 4], [3, 6], [3, 0], [0, 6], [1, 7], [6, 6], [4, 5], [0, 1], [4, 3], [3, 5], [7, 4], [7, 4], [6, 0], [4, 5], [2, 0], [6, 1], [1, 3], [1, 1], [0, 7], [1, 4], [1, 4], [3, 2], [2, 2], [3, 4], [7, 4], [4, 2], [3, 0], [5, 7], [5, 2], [2, 6], [0, 3]]
0.948571428571 42
[[1, 7], [6, 3], [5, 6], [2, 7], [5, 2], [0, 7], [4, 3], [5, 4], [1, 4], [5, 5], [6, 4], [2, 4], [3, 6], [3, 0], [0, 6], [1, 7], [6, 6], [4, 5], [0, 1], [4, 3], [3, 5], [7, 4], [7, 4], [6, 0], [4, 5], [2, 0], [6, 1], [1, 3], [1, 1], [0, 7], [1, 4], [1, 4], [3, 2], [2, 2], [3, 4], [7, 4], [4, 2], [3, 0], [5, 7], [5, 2], [2, 6], [0, 3]]
0.953214285714 42
[[1, 7], [6, 3], [5, 6], [2, 7], [5, 2], [0, 7], [4, 3], [5, 4], [1, 4], [5, 5], [6, 4], [2, 4], [3, 6], [3, 0], [0, 6], [1, 7], [6, 6], [4, 5], [0, 1], [4, 3], [3, 5], [7, 4], [7, 4], [6, 0], [4, 5], [2, 0], [6, 1], [1, 3], [1, 1], [0, 7], [1, 4], [1, 4], [3, 2], [2, 2], [3, 4], [7, 4], [4, 2], [3, 0], [5, 7], [5, 2], [2, 6], [0, 3]]
0.954285714286 41
[[1, 7], [6, 3], [5, 6], [2, 7], [5, 2], [0, 7], [4, 3], [5, 4], [1, 4], [5, 5], [6, 4], [2, 4], [3, 6], [3, 0], [0, 6], [1, 7], [6, 6], [4, 5], [0, 1], [4, 3], [7, 4], [7, 4], [6, 0], [4, 5], [2, 0], [6, 1], [1, 3], [1, 1], [0, 7], [1, 4], [1, 4], [3, 2], [2, 2], [3, 4], [7, 4], [4, 2], [3, 0], [5, 7], [5, 2], [2, 6], [0, 3]]
0.946071428571 41
[[1, 7], [6, 3], [5, 6], [2, 7], [5, 2], [0, 7], [4, 3], [5, 4], [1, 4], [5, 5], [6, 4], [2, 4], [3, 6], [3, 0], [0, 6], [1, 7], [6, 6], [4, 5], [0, 1], [4, 3], [7, 4], [7, 4], [6, 0], [4, 5], [2, 0], [6, 1], [1, 3], [1, 1], [0, 7], [1, 4], [1, 4], [3, 2], [2, 2], [3, 4], [7, 4], [4, 2], [3, 0], [5, 7], [5, 2], [2, 6], [0, 3]]
0.953571428571 41
[[1, 7], [6, 3], [5, 6], [2, 7], [5, 2], [0, 7], [4, 3], [5, 4], [1, 4], [5, 5], [6, 4], [2, 4], [3, 6], [3, 0], [0, 6], [1, 7], [6, 6], [4, 5], [0, 1], [4, 3], [7, 4], [7, 4], [6, 0], [4, 5], [2, 0], [6, 1], [1, 3], [1, 1], [0, 7], [1, 4], [1, 4], [3, 2], [2, 2], [3, 4], [7, 4], [4, 2], [3, 0], [5, 7], [5, 2], [2, 6], [0, 3]]
0.947142857143 42
[[1, 7], [6, 3], [5, 6], [2, 7], [5, 2], [0, 7], [4, 3], [5, 4], [1, 4], [5, 5], [6, 4], [2, 4], [3, 6], [3, 0], [0, 6], [1, 7], [6, 6], [4, 5], [0, 1], [4, 3], [3, 5], [7, 4], [7, 4], [6, 0], [4, 5], [2, 0], [6, 1], [1, 3], [1, 1], [0, 7], [1, 4], [1, 4], [3, 2], [2, 2], [3, 4], [7, 4], [4, 2], [3, 0], [5, 7], [5, 2], [2, 6], [0, 3]]
0.953928571429 42
[[1, 7], [6, 3], [5, 6], [2, 7], [5, 2], [0, 7], [4, 3], [5, 4], [1, 4], [5, 5], [6, 4], [2, 4], [3, 6], [3, 0], [0, 6], [1, 7], [6, 6], [4, 5], [0, 1], [4, 3], [3, 5], [7, 4], [7, 4], [6, 0], [4, 5], [2, 0], [6, 1], [1, 3], [1, 1], [0, 7], [1, 4], [1, 4], [3, 2], [2, 2], [3, 4], [7, 4], [4, 2], [3, 0], [5, 7], [5, 2], [2, 6], [0, 3]]
0.9475 42
[[1, 7], [6, 3], [5, 6], [2, 7], [5, 2], [0, 7], [4, 3], [5, 4], [1, 4], [5, 5], [6, 4], [2, 4], [3, 6], [3, 0], [0, 6], [1, 7], [6, 6], [4, 5], [0, 1], [4, 3], [3, 5], [7, 4], [7, 4], [6, 0], [4, 5], [2, 0], [6, 1], [1, 3], [1, 1], [0, 7], [1, 4], [1, 4], [3, 2], [2, 2], [3, 4], [7, 4], [4, 2], [3, 0], [5, 7], [5, 2], [2, 6], [0, 3]]
0.948571428571 42
[[1, 7], [6, 3], [5, 6], [2, 7], [5, 2], [0, 7], [4, 3], [5, 4], [1, 4], [5, 5], [6, 4], [2, 4], [3, 6], [3, 0], [0, 6], [1, 7], [6, 6], [4, 5], [0, 1], [4, 3], [3, 5], [7, 4], [7, 4], [6, 0], [4, 5], [2, 0], [6, 1], [1, 3], [1, 1], [0, 7], [1, 4], [1, 4], [3, 2], [2, 2], [3, 4], [7, 4], [4, 2], [3, 0], [5, 7], [5, 2], [2, 6], [0, 3]]
0.955 42
[[1, 7], [6, 3], [5, 6], [2, 7], [5, 2], [0, 7], [4, 3], [5, 4], [1, 4], [5, 5], [6, 4], [2, 4], [3, 6], [3, 0], [0, 6], [1, 7], [6, 6], [4, 5], [0, 1], [4, 3], [3, 5], [7, 4], [7, 4], [6, 0], [4, 5], [2, 0], [6, 1], [1, 3], [1, 1], [0, 7], [1, 4], [1, 4], [3, 2], [2, 2], [3, 4], [7, 4], [4, 2], [3, 0], [5, 7], [5, 2], [2, 6], [0, 3]]
0.954285714286 42
[[1, 7], [6, 3], [5, 6], [2, 7], [5, 2], [0, 7], [4, 3], [5, 4], [1, 4], [5, 5], [6, 4], [2, 4], [3, 6], [3, 0], [0, 6], [1, 7], [6, 6], [4, 5], [0, 1], [4, 3], [3, 5], [7, 4], [7, 4], [6, 0], [4, 5], [2, 0], [6, 1], [1, 3], [1, 1], [0, 7], [1, 4], [1, 4], [3, 2], [2, 2], [3, 4], [7, 4], [4, 2], [3, 0], [5, 7], [5, 2], [2, 6], [0, 3]]
0.955 41
[[1, 7], [6, 3], [5, 6], [2, 7], [5, 2], [0, 7], [4, 3], [5, 4], [1, 4], [5, 5], [6, 4], [2, 4], [3, 6], [3, 0], [0, 6], [1, 7], [6, 6], [4, 5], [0, 1], [4, 3], [7, 4], [7, 4], [6, 0], [4, 5], [2, 0], [6, 1], [1, 3], [1, 1], [0, 7], [1, 4], [1, 4], [3, 2], [2, 2], [3, 4], [7, 4], [4, 2], [3, 0], [5, 7], [5, 2], [2, 6], [0, 3]]
0.956428571429 42
[[1, 7], [6, 3], [5, 6], [2, 7], [5, 2], [0, 7], [4, 3], [5, 4], [1, 4], [5, 5], [6, 4], [2, 4], [3, 6], [3, 0], [0, 6], [1, 7], [6, 6], [4, 5], [0, 1], [4, 3], [3, 5], [7, 4], [7, 4], [6, 0], [4, 5], [2, 0], [6, 1], [1, 3], [1, 1], [0, 7], [1, 4], [1, 4], [3, 2], [2, 2], [3, 4], [7, 4], [4, 2], [3, 0], [5, 7], [5, 2], [2, 6], [0, 3]]
0.956785714286 42
[[1, 7], [6, 3], [5, 6], [2, 7], [5, 2], [0, 7], [4, 3], [5, 4], [1, 4], [5, 5], [6, 4], [2, 4], [3, 6], [3, 0], [0, 6], [1, 7], [6, 6], [4, 5], [0, 1], [4, 3], [3, 5], [7, 4], [7, 4], [6, 0], [4, 5], [2, 0], [6, 1], [1, 3], [1, 1], [0, 7], [1, 4], [1, 4], [3, 2], [2, 2], [3, 4], [7, 4], [4, 2], [3, 0], [5, 7], [5, 2], [2, 6], [0, 3]]
0.958571428571 42
[[1, 7], [6, 3], [5, 6], [2, 7], [5, 2], [0, 7], [4, 3], [5, 4], [1, 4], [5, 5], [6, 4], [2, 4], [3, 6], [3, 0], [0, 6], [1, 7], [6, 6], [4, 5], [0, 1], [4, 3], [3, 5], [7, 4], [7, 4], [6, 0], [4, 5], [2, 0], [6, 1], [1, 3], [1, 1], [0, 7], [1, 4], [1, 4], [3, 2], [2, 2], [3, 4], [7, 4], [4, 2], [3, 0], [5, 7], [5, 2], [2, 6], [0, 3]]
0.963928571429 42
[[1, 7], [6, 3], [3, 6], [2, 7], [5, 2], [0, 5], [4, 3], [5, 4], [1, 4], [5, 5], [6, 4], [2, 4], [3, 6], [3, 0], [0, 6], [1, 7], [6, 6], [4, 5], [0, 1], [4, 3], [3, 5], [7, 4], [7, 4], [6, 0], [4, 5], [2, 0], [6, 1], [1, 3], [1, 1], [0, 7], [1, 4], [1, 4], [3, 2], [2, 2], [3, 4], [7, 4], [4, 2], [3, 0], [5, 7], [5, 2], [2, 6], [0, 3]]
0.958571428571 42
[[1, 7], [6, 3], [5, 6], [2, 7], [5, 2], [0, 7], [4, 3], [5, 4], [1, 4], [5, 5], [6, 4], [2, 4], [3, 6], [3, 0], [0, 6], [1, 7], [6, 6], [4, 5], [0, 1], [4, 3], [3, 5], [7, 4], [7, 4], [6, 0], [4, 5], [2, 0], [6, 1], [1, 3], [1, 1], [0, 7], [1, 4], [1, 4], [3, 2], [2, 2], [3, 4], [7, 4], [4, 2], [3, 0], [5, 7], [5, 2], [2, 6], [0, 3]]
0.958214285714 42
[[1, 7], [6, 3], [5, 6], [2, 7], [5, 2], [0, 7], [4, 3], [5, 4], [1, 4], [5, 5], [6, 4], [2, 4], [3, 6], [3, 0], [0, 6], [1, 7], [6, 6], [4, 5], [0, 1], [4, 3], [3, 5], [7, 4], [7, 4], [6, 0], [4, 5], [2, 0], [6, 1], [1, 3], [1, 1], [0, 7], [1, 4], [1, 4], [3, 2], [2, 2], [3, 4], [7, 4], [4, 2], [3, 0], [5, 7], [5, 2], [2, 6], [0, 3]]
0.961071428571 42
[[1, 7], [6, 3], [5, 6], [2, 7], [5, 2], [0, 7], [4, 3], [5, 4], [1, 4], [5, 5], [6, 4], [2, 4], [3, 6], [3, 0], [0, 6], [1, 7], [6, 6], [4, 5], [0, 1], [4, 3], [3, 5], [7, 4], [7, 4], [6, 0], [4, 5], [2, 0], [6, 1], [1, 3], [1, 1], [0, 7], [1, 4], [1, 4], [3, 2], [2, 2], [3, 4], [7, 4], [4, 2], [3, 0], [5, 7], [5, 2], [2, 6], [0, 3]]
0.960714285714 42
[[1, 7], [6, 3], [5, 6], [2, 7], [5, 2], [0, 7], [4, 3], [5, 4], [1, 4], [5, 5], [6, 4], [2, 4], [3, 6], [3, 0], [0, 6], [1, 7], [6, 6], [4, 5], [0, 1], [4, 3], [3, 5], [7, 4], [7, 4], [6, 0], [4, 5], [2, 0], [6, 1], [1, 3], [1, 1], [0, 7], [1, 4], [1, 4], [3, 2], [2, 2], [3, 4], [7, 4], [4, 2], [3, 0], [5, 7], [5, 2], [2, 6], [0, 3]]
0.961071428571 42
[[1, 7], [6, 3], [5, 6], [2, 7], [5, 2], [0, 7], [4, 3], [5, 4], [1, 4], [5, 5], [6, 4], [2, 4], [3, 6], [3, 0], [0, 6], [1, 7], [6, 6], [4, 5], [0, 1], [4, 3], [3, 5], [7, 4], [7, 4], [6, 0], [4, 5], [2, 0], [6, 1], [1, 3], [1, 1], [0, 7], [1, 4], [1, 4], [3, 2], [2, 2], [3, 4], [7, 4], [4, 2], [3, 0], [5, 7], [5, 2], [2, 6], [0, 3]]
0.964642857143 42
[[1, 7], [6, 3], [5, 6], [2, 7], [5, 2], [0, 7], [4, 3], [5, 4], [1, 4], [5, 5], [6, 4], [2, 4], [3, 6], [3, 0], [0, 6], [1, 7], [6, 6], [4, 5], [0, 1], [4, 3], [3, 5], [7, 4], [7, 4], [6, 0], [4, 5], [2, 0], [6, 1], [1, 3], [1, 1], [0, 7], [1, 4], [1, 4], [3, 2], [2, 2], [3, 4], [7, 4], [4, 2], [3, 0], [5, 7], [5, 2], [2, 6], [0, 3]]
0.9675 42
[[1, 7], [6, 3], [5, 6], [2, 7], [5, 2], [0, 7], [4, 3], [5, 4], [1, 4], [5, 5], [6, 4], [2, 4], [3, 6], [3, 0], [0, 6], [1, 7], [6, 6], [4, 5], [0, 1], [4, 3], [3, 5], [7, 4], [7, 4], [6, 0], [4, 5], [2, 0], [6, 1], [1, 3], [1, 1], [0, 7], [1, 4], [1, 4], [3, 2], [2, 2], [3, 4], [7, 4], [4, 2], [3, 0], [5, 7], [5, 2], [2, 6], [0, 3]]
0.966428571429 42
[[1, 7], [6, 3], [5, 6], [2, 7], [5, 2], [0, 7], [4, 3], [5, 4], [1, 4], [5, 5], [6, 4], [2, 4], [3, 6], [3, 0], [0, 6], [1, 7], [6, 6], [4, 5], [0, 1], [4, 3], [3, 5], [7, 4], [7, 4], [6, 0], [4, 5], [2, 0], [6, 1], [1, 3], [1, 1], [0, 7], [1, 4], [1, 4], [3, 2], [2, 2], [3, 4], [7, 4], [4, 2], [3, 0], [5, 7], [5, 2], [2, 6], [0, 3]]
0.962857142857 42
[[1, 7], [6, 3], [5, 6], [2, 7], [5, 2], [0, 7], [4, 3], [5, 4], [1, 4], [5, 5], [6, 4], [2, 4], [3, 6], [3, 0], [0, 6], [1, 7], [6, 6], [4, 5], [0, 1], [4, 3], [3, 5], [7, 4], [7, 4], [6, 0], [4, 5], [2, 0], [6, 1], [1, 3], [1, 1], [0, 7], [1, 4], [1, 4], [3, 2], [2, 2], [3, 4], [7, 4], [4, 2], [3, 0], [5, 7], [5, 2], [2, 6], [0, 3]]
0.965714285714 42
[[1, 7], [6, 3], [5, 6], [2, 7], [5, 2], [0, 7], [4, 3], [5, 4], [1, 4], [5, 5], [6, 4], [2, 4], [3, 6], [3, 0], [0, 6], [1, 7], [6, 6], [4, 5], [0, 1], [4, 3], [3, 5], [7, 4], [7, 4], [6, 0], [4, 5], [2, 0], [6, 1], [1, 3], [1, 1], [0, 7], [1, 4], [1, 4], [3, 2], [2, 2], [3, 4], [7, 4], [4, 2], [3, 0], [5, 7], [5, 2], [2, 6], [0, 3]]
0.964642857143 42
[[1, 7], [6, 3], [5, 6], [2, 7], [5, 2], [0, 7], [4, 3], [5, 4], [1, 4], [5, 5], [6, 4], [2, 4], [3, 6], [3, 0], [0, 6], [1, 7], [6, 6], [4, 5], [0, 1], [4, 3], [3, 5], [7, 4], [7, 4], [6, 0], [4, 5], [2, 0], [6, 1], [1, 3], [1, 1], [0, 7], [1, 4], [1, 4], [3, 2], [2, 2], [3, 4], [7, 4], [4, 2], [3, 0], [5, 7], [5, 2], [2, 6], [0, 3]]
0.963928571429 42
[[1, 7], [6, 3], [5, 6], [2, 7], [5, 2], [0, 7], [4, 3], [5, 4], [1, 4], [5, 5], [6, 4], [2, 4], [3, 6], [3, 0], [0, 6], [1, 7], [6, 6], [4, 5], [0, 1], [4, 3], [3, 5], [7, 4], [7, 4], [6, 0], [4, 5], [2, 0], [6, 1], [1, 3], [1, 1], [0, 7], [1, 4], [1, 4], [3, 2], [2, 2], [3, 4], [7, 4], [4, 2], [3, 0], [5, 7], [5, 2], [2, 6], [0, 3]]
0.966785714286 42
[[1, 7], [6, 3], [5, 6], [2, 7], [5, 2], [0, 7], [4, 3], [5, 4], [1, 4], [5, 5], [6, 4], [2, 4], [3, 6], [3, 0], [0, 6], [1, 7], [6, 6], [4, 5], [0, 1], [4, 3], [3, 5], [7, 4], [7, 4], [6, 0], [4, 5], [2, 0], [6, 1], [1, 3], [1, 1], [0, 7], [1, 4], [1, 4], [3, 2], [2, 2], [3, 4], [7, 4], [4, 2], [3, 0], [5, 7], [5, 2], [2, 6], [0, 3]]
0.967142857143 42
[[1, 7], [6, 3], [5, 6], [2, 7], [5, 2], [0, 7], [4, 3], [5, 4], [1, 4], [5, 5], [6, 4], [2, 4], [3, 6], [3, 0], [0, 6], [1, 7], [6, 6], [4, 5], [0, 1], [4, 3], [3, 5], [7, 4], [7, 4], [6, 0], [4, 5], [2, 0], [6, 1], [1, 3], [1, 1], [0, 7], [1, 4], [1, 4], [3, 2], [2, 2], [3, 4], [7, 4], [4, 2], [3, 0], [5, 7], [5, 2], [2, 6], [0, 3]]
0.9675 42
[[1, 7], [6, 3], [5, 6], [2, 7], [5, 2], [0, 7], [4, 3], [5, 4], [1, 4], [5, 5], [6, 4], [2, 4], [3, 6], [3, 0], [0, 6], [1, 7], [6, 6], [4, 5], [0, 1], [4, 3], [3, 5], [7, 4], [7, 4], [6, 0], [4, 5], [2, 0], [6, 1], [1, 3], [1, 1], [0, 7], [1, 4], [1, 4], [3, 2], [2, 2], [3, 4], [7, 4], [4, 2], [3, 0], [5, 7], [5, 2], [2, 6], [0, 3]]
0.967857142857 42
[[1, 7], [6, 3], [5, 6], [2, 7], [5, 2], [0, 7], [4, 3], [5, 4], [1, 4], [5, 5], [6, 4], [2, 4], [3, 6], [3, 0], [0, 6], [1, 7], [6, 6], [4, 5], [0, 1], [4, 3], [3, 5], [7, 4], [7, 4], [6, 0], [4, 5], [2, 0], [6, 1], [1, 3], [1, 1], [0, 7], [1, 4], [1, 4], [3, 2], [2, 2], [3, 4], [7, 4], [4, 2], [3, 0], [5, 7], [5, 2], [2, 6], [0, 3]]
0.964285714286 42
[[1, 7], [6, 3], [5, 6], [2, 7], [5, 2], [0, 7], [4, 3], [5, 4], [1, 4], [5, 5], [6, 4], [2, 4], [3, 6], [3, 0], [0, 6], [1, 7], [6, 6], [4, 5], [0, 1], [4, 3], [3, 5], [7, 4], [7, 4], [6, 0], [4, 5], [2, 0], [6, 1], [1, 3], [1, 1], [0, 7], [1, 4], [1, 4], [3, 2], [2, 2], [3, 4], [7, 4], [4, 2], [3, 0], [5, 7], [5, 2], [2, 6], [0, 3]]
0.961785714286 42
[[1, 7], [6, 3], [5, 6], [2, 7], [5, 2], [0, 7], [4, 3], [5, 4], [1, 4], [5, 5], [6, 4], [2, 4], [3, 6], [3, 0], [0, 6], [1, 7], [6, 6], [4, 5], [0, 1], [4, 3], [3, 5], [7, 4], [7, 4], [6, 0], [4, 5], [2, 0], [6, 1], [1, 3], [1, 1], [0, 7], [1, 4], [1, 4], [3, 2], [2, 2], [3, 4], [7, 4], [4, 2], [3, 0], [5, 7], [5, 2], [2, 6], [0, 3]]
0.960357142857 42
[[1, 7], [6, 3], [5, 6], [2, 7], [5, 2], [0, 7], [4, 3], [5, 4], [1, 4], [5, 5], [6, 4], [2, 4], [3, 6], [3, 0], [0, 6], [1, 7], [6, 6], [4, 5], [0, 1], [4, 3], [3, 5], [7, 4], [7, 4], [6, 0], [4, 5], [2, 0], [6, 1], [1, 3], [1, 1], [0, 7], [1, 4], [1, 4], [3, 2], [2, 2], [3, 4], [7, 4], [4, 2], [3, 0], [5, 7], [5, 2], [2, 6], [0, 3]]
0.957857142857 42
[[1, 7], [6, 3], [5, 6], [2, 7], [5, 2], [0, 7], [4, 3], [5, 4], [1, 4], [5, 5], [6, 4], [2, 4], [3, 6], [3, 0], [0, 6], [1, 7], [6, 6], [4, 5], [0, 1], [4, 3], [3, 5], [7, 4], [7, 4], [6, 0], [4, 5], [2, 0], [6, 1], [1, 3], [1, 1], [0, 7], [1, 4], [1, 4], [3, 2], [2, 2], [3, 4], [7, 4], [4, 2], [3, 0], [5, 7], [5, 2], [2, 6], [0, 3]]
0.951785714286 42
[[1, 7], [6, 3], [5, 6], [2, 7], [5, 2], [0, 7], [4, 3], [5, 4], [1, 4], [5, 5], [6, 4], [2, 4], [3, 6], [3, 0], [0, 6], [1, 7], [6, 6], [4, 5], [0, 1], [4, 3], [3, 5], [7, 4], [7, 4], [6, 0], [4, 5], [2, 0], [6, 1], [1, 3], [1, 1], [0, 7], [1, 4], [1, 4], [3, 2], [2, 2], [3, 4], [7, 4], [4, 2], [3, 0], [5, 7], [5, 2], [2, 6], [0, 3]]
0.952857142857 42
[[1, 7], [6, 3], [5, 6], [2, 7], [5, 2], [0, 7], [4, 3], [5, 4], [1, 4], [5, 5], [6, 4], [2, 4], [3, 6], [3, 0], [0, 6], [5, 7], [6, 6], [4, 5], [0, 1], [4, 3], [3, 5], [7, 4], [7, 4], [6, 0], [4, 5], [2, 0], [6, 1], [1, 3], [1, 1], [0, 7], [1, 4], [1, 4], [3, 2], [2, 2], [3, 4], [7, 4], [4, 2], [3, 0], [5, 7], [5, 2], [2, 6], [0, 3]]
0.954642857143 42
[[1, 7], [6, 3], [5, 6], [2, 7], [5, 2], [0, 7], [4, 3], [5, 4], [1, 4], [5, 5], [6, 4], [2, 4], [3, 6], [3, 0], [0, 6], [1, 7], [6, 6], [4, 5], [0, 1], [4, 3], [3, 5], [7, 4], [7, 4], [6, 0], [4, 5], [2, 0], [6, 1], [1, 3], [1, 1], [0, 7], [1, 4], [1, 4], [3, 2], [2, 2], [3, 4], [7, 4], [4, 2], [3, 0], [5, 7], [5, 2], [2, 6], [0, 3]]
0.955357142857 42
[[1, 7], [6, 3], [5, 6], [2, 7], [5, 2], [0, 7], [4, 3], [5, 4], [1, 4], [5, 5], [6, 4], [2, 4], [3, 6], [3, 0], [0, 6], [1, 7], [6, 6], [4, 5], [0, 1], [4, 3], [3, 5], [7, 4], [7, 4], [6, 0], [4, 5], [2, 0], [6, 1], [1, 3], [1, 1], [0, 7], [1, 4], [1, 4], [3, 2], [2, 2], [3, 4], [7, 4], [4, 2], [3, 0], [5, 7], [5, 2], [2, 6], [0, 3]]
0.9625 42
[[1, 7], [6, 3], [5, 6], [2, 7], [5, 2], [0, 7], [4, 3], [5, 4], [1, 4], [5, 5], [6, 4], [2, 4], [3, 6], [3, 0], [0, 6], [5, 7], [6, 6], [4, 5], [0, 1], [4, 3], [3, 5], [7, 4], [7, 4], [6, 0], [4, 5], [2, 0], [6, 1], [1, 3], [1, 1], [0, 7], [1, 4], [1, 4], [3, 2], [2, 2], [3, 4], [7, 4], [4, 2], [3, 0], [5, 7], [5, 2], [2, 6], [0, 3]]
0.961428571429 42
[[1, 7], [6, 3], [5, 6], [2, 7], [5, 2], [0, 7], [4, 3], [5, 4], [1, 4], [5, 5], [6, 4], [2, 4], [3, 6], [3, 0], [0, 6], [5, 7], [6, 6], [4, 5], [0, 1], [4, 3], [3, 5], [7, 4], [7, 4], [6, 0], [4, 5], [2, 0], [6, 1], [1, 3], [1, 1], [0, 7], [1, 4], [1, 4], [3, 2], [2, 2], [3, 4], [7, 4], [4, 2], [3, 0], [5, 7], [5, 2], [2, 6], [0, 3]]
0.956785714286 42
[[1, 7], [6, 3], [5, 6], [2, 7], [5, 2], [0, 7], [4, 3], [5, 4], [1, 4], [5, 5], [6, 4], [2, 4], [3, 6], [3, 0], [0, 6], [1, 7], [6, 6], [4, 5], [0, 1], [4, 3], [3, 5], [7, 4], [7, 4], [6, 0], [4, 5], [2, 0], [6, 1], [1, 3], [1, 1], [0, 7], [1, 4], [1, 4], [3, 2], [2, 2], [3, 4], [7, 4], [4, 2], [3, 0], [5, 7], [5, 2], [2, 6], [0, 3]]
0.963214285714 42
[[1, 7], [6, 3], [5, 6], [2, 7], [5, 2], [0, 7], [4, 3], [5, 4], [1, 4], [5, 5], [6, 4], [2, 4], [3, 6], [3, 0], [0, 6], [1, 7], [6, 6], [4, 5], [0, 1], [4, 3], [3, 5], [7, 4], [7, 4], [6, 0], [4, 5], [2, 0], [6, 1], [1, 3], [1, 1], [0, 7], [1, 4], [1, 4], [3, 2], [2, 2], [3, 4], [7, 4], [4, 2], [3, 0], [5, 7], [5, 2], [2, 6], [0, 3]]
0.957142857143 42
[[1, 7], [6, 3], [5, 6], [2, 7], [5, 2], [0, 7], [4, 3], [5, 4], [1, 4], [5, 5], [6, 4], [2, 4], [3, 6], [3, 0], [0, 6], [1, 7], [6, 6], [4, 5], [0, 1], [4, 3], [3, 5], [7, 4], [7, 4], [6, 0], [4, 5], [2, 0], [6, 1], [1, 3], [1, 1], [0, 7], [1, 4], [1, 4], [3, 2], [2, 2], [3, 4], [7, 4], [4, 2], [3, 0], [5, 7], [5, 2], [2, 6], [0, 3]]
0.957142857143 42
[[1, 7], [6, 3], [5, 6], [2, 7], [5, 2], [0, 7], [4, 3], [5, 4], [1, 4], [5, 5], [6, 4], [2, 4], [3, 6], [3, 0], [0, 6], [1, 7], [6, 6], [4, 5], [0, 1], [4, 3], [3, 5], [7, 4], [7, 4], [6, 0], [4, 5], [2, 0], [6, 1], [1, 3], [1, 1], [0, 7], [1, 4], [1, 4], [3, 2], [2, 2], [3, 4], [7, 4], [4, 2], [3, 0], [5, 7], [5, 2], [2, 6], [0, 3]]
0.955714285714 42
[[1, 7], [6, 3], [5, 6], [2, 7], [5, 2], [0, 7], [4, 3], [5, 4], [1, 4], [5, 5], [6, 4], [2, 4], [3, 6], [3, 0], [0, 6], [5, 7], [6, 6], [4, 5], [0, 1], [4, 3], [3, 5], [7, 4], [7, 4], [6, 0], [4, 5], [2, 0], [6, 1], [1, 3], [1, 1], [0, 7], [1, 4], [1, 4], [3, 2], [2, 2], [3, 4], [7, 4], [4, 2], [3, 0], [5, 7], [5, 2], [2, 6], [0, 3]]
0.96 42
[[1, 7], [6, 3], [5, 6], [2, 7], [5, 2], [0, 7], [4, 3], [5, 4], [1, 4], [5, 5], [6, 4], [2, 4], [3, 6], [3, 0], [0, 6], [1, 7], [6, 6], [4, 5], [0, 1], [4, 3], [3, 5], [7, 4], [7, 4], [6, 0], [4, 5], [2, 0], [6, 1], [1, 3], [1, 1], [0, 7], [1, 4], [1, 4], [3, 2], [2, 2], [3, 4], [7, 4], [4, 2], [3, 0], [5, 7], [5, 2], [2, 6], [0, 3]]
0.9625 42
[[1, 7], [6, 3], [5, 6], [2, 7], [5, 2], [0, 7], [4, 3], [5, 4], [1, 4], [5, 5], [6, 4], [2, 4], [3, 6], [3, 0], [0, 6], [1, 7], [6, 6], [4, 5], [0, 1], [4, 3], [3, 5], [7, 4], [7, 4], [6, 0], [4, 5], [2, 0], [6, 1], [1, 3], [1, 1], [0, 7], [1, 4], [1, 4], [3, 2], [2, 2], [3, 4], [7, 4], [4, 2], [3, 0], [5, 7], [5, 2], [2, 6], [0, 3]]
0.96 42
[[1, 7], [6, 3], [5, 6], [2, 7], [5, 2], [0, 7], [4, 3], [5, 4], [1, 4], [5, 5], [6, 4], [2, 4], [3, 6], [3, 0], [0, 6], [1, 7], [6, 6], [4, 5], [0, 1], [4, 3], [3, 5], [7, 4], [7, 4], [6, 0], [4, 5], [2, 0], [6, 1], [1, 3], [1, 1], [0, 7], [1, 4], [1, 4], [3, 2], [2, 2], [3, 4], [7, 4], [4, 2], [3, 0], [5, 7], [5, 2], [2, 6], [0, 3]]
0.96 42
[[1, 7], [6, 3], [5, 6], [2, 7], [5, 2], [0, 7], [4, 3], [5, 4], [1, 4], [5, 5], [6, 4], [2, 4], [3, 6], [3, 0], [0, 6], [5, 7], [6, 6], [4, 5], [0, 1], [4, 3], [3, 5], [7, 4], [7, 4], [6, 0], [4, 5], [2, 0], [6, 1], [1, 3], [1, 1], [0, 7], [1, 4], [1, 4], [3, 2], [2, 2], [3, 4], [7, 4], [4, 2], [3, 0], [5, 7], [5, 2], [2, 6], [0, 3]]
0.962142857143 42
[[1, 7], [6, 3], [5, 6], [2, 7], [5, 2], [0, 7], [4, 3], [5, 4], [1, 4], [5, 5], [6, 4], [2, 4], [3, 6], [3, 0], [0, 6], [5, 7], [6, 6], [4, 5], [0, 1], [4, 3], [3, 5], [7, 4], [7, 4], [6, 0], [4, 5], [2, 0], [6, 1], [1, 3], [1, 1], [0, 7], [1, 4], [1, 4], [3, 2], [2, 2], [3, 4], [7, 4], [4, 2], [3, 0], [5, 7], [5, 2], [2, 6], [0, 3]]
0.965 42
[[1, 7], [6, 3], [5, 6], [2, 7], [5, 2], [0, 7], [4, 3], [5, 4], [1, 4], [5, 5], [6, 4], [2, 4], [3, 6], [3, 0], [0, 6], [5, 7], [6, 6], [4, 5], [0, 1], [4, 3], [3, 5], [7, 4], [7, 4], [6, 0], [4, 5], [2, 0], [6, 1], [1, 3], [1, 1], [0, 7], [1, 4], [1, 4], [3, 2], [2, 2], [3, 4], [7, 4], [4, 2], [3, 0], [5, 7], [5, 2], [2, 6], [0, 3]]
0.9625 42
[[1, 7], [6, 3], [5, 6], [2, 7], [5, 2], [0, 7], [4, 3], [5, 4], [1, 4], [5, 5], [6, 4], [2, 4], [3, 6], [3, 0], [0, 6], [5, 7], [6, 6], [4, 5], [0, 1], [4, 3], [3, 5], [7, 4], [7, 4], [6, 0], [4, 5], [2, 0], [6, 1], [1, 3], [1, 1], [0, 7], [1, 4], [1, 4], [3, 2], [2, 2], [3, 4], [7, 4], [4, 2], [3, 0], [5, 7], [5, 2], [2, 6], [0, 3]]
0.961071428571 42
[[1, 7], [6, 3], [5, 6], [2, 7], [5, 2], [0, 7], [4, 3], [5, 4], [1, 4], [5, 5], [6, 4], [2, 4], [3, 6], [3, 0], [0, 6], [5, 7], [6, 6], [4, 5], [0, 1], [4, 3], [3, 5], [7, 4], [7, 4], [6, 0], [4, 5], [2, 0], [6, 1], [1, 3], [1, 1], [0, 7], [1, 4], [1, 4], [3, 2], [2, 2], [3, 4], [7, 4], [4, 2], [3, 0], [5, 7], [5, 2], [2, 6], [0, 3]]
0.96 42
[[1, 7], [6, 3], [5, 6], [2, 7], [5, 2], [0, 7], [4, 3], [5, 4], [1, 4], [5, 5], [6, 4], [2, 4], [3, 6], [3, 0], [0, 6], [1, 7], [6, 6], [4, 5], [0, 1], [4, 3], [3, 5], [7, 4], [7, 4], [6, 0], [4, 5], [2, 0], [6, 1], [1, 3], [1, 1], [0, 7], [1, 4], [1, 4], [3, 2], [2, 2], [3, 4], [7, 4], [4, 2], [3, 0], [5, 7], [5, 2], [2, 6], [0, 3]]
0.954642857143 42
[[1, 7], [6, 3], [5, 6], [2, 7], [5, 2], [0, 7], [4, 3], [5, 4], [1, 4], [5, 5], [6, 4], [2, 4], [3, 6], [3, 0], [0, 6], [5, 7], [6, 6], [4, 5], [0, 1], [4, 3], [3, 5], [7, 4], [7, 4], [6, 0], [4, 5], [2, 0], [6, 1], [1, 3], [1, 1], [0, 7], [1, 4], [1, 4], [3, 2], [2, 2], [3, 4], [7, 4], [4, 2], [3, 0], [5, 7], [5, 2], [2, 6], [0, 3]]
0.959285714286 42
[[1, 7], [6, 3], [5, 6], [2, 7], [5, 2], [0, 7], [4, 3], [5, 4], [1, 4], [5, 5], [6, 4], [2, 4], [3, 6], [3, 0], [0, 6], [1, 7], [6, 6], [4, 5], [0, 1], [4, 3], [3, 5], [7, 4], [7, 4], [6, 0], [4, 5], [2, 0], [6, 1], [1, 3], [1, 1], [0, 7], [1, 4], [1, 4], [3, 2], [2, 2], [3, 4], [7, 4], [4, 2], [3, 0], [5, 7], [5, 2], [2, 6], [0, 3]]
0.956785714286 42
[[1, 7], [6, 3], [5, 6], [2, 7], [5, 2], [0, 7], [4, 3], [5, 4], [1, 4], [5, 5], [6, 4], [2, 4], [3, 6], [3, 0], [0, 6], [5, 7], [6, 6], [4, 5], [0, 1], [4, 3], [3, 5], [7, 4], [7, 4], [6, 0], [4, 5], [2, 0], [6, 1], [1, 3], [1, 1], [0, 7], [1, 4], [1, 4], [3, 2], [2, 2], [3, 4], [7, 4], [4, 2], [3, 0], [5, 7], [5, 2], [2, 6], [0, 3]]
0.954285714286 42
[[1, 7], [6, 3], [5, 6], [2, 7], [5, 2], [0, 7], [4, 3], [5, 4], [1, 4], [5, 5], [6, 4], [2, 4], [3, 6], [3, 0], [0, 6], [5, 7], [6, 6], [4, 5], [0, 1], [4, 3], [3, 5], [7, 4], [7, 4], [6, 0], [4, 5], [2, 0], [6, 1], [1, 3], [1, 1], [0, 7], [1, 4], [1, 4], [3, 2], [2, 2], [3, 4], [7, 4], [4, 2], [3, 0], [5, 7], [5, 2], [2, 6], [0, 3]]
0.955357142857 42
[[1, 7], [6, 3], [5, 6], [2, 7], [5, 2], [0, 7], [4, 3], [5, 4], [1, 4], [5, 5], [6, 4], [2, 4], [3, 6], [3, 0], [0, 6], [1, 7], [6, 6], [4, 5], [0, 1], [4, 3], [3, 5], [7, 4], [7, 4], [6, 0], [4, 5], [2, 0], [6, 1], [1, 3], [1, 1], [0, 7], [1, 4], [1, 4], [3, 2], [2, 2], [3, 4], [7, 4], [4, 2], [3, 0], [5, 7], [5, 2], [2, 6], [0, 3]]
0.912142857143 42
[[4, 6], [7, 1], [7, 7], [5, 0], [0, 5], [3, 6], [4, 7], [1, 5], [0, 7], [4, 7], [4, 4], [6, 5], [3, 4], [4, 6], [4, 2], [7, 6], [3, 4], [4, 6], [6, 3], [1, 4], [0, 7], [0, 1], [7, 6], [6, 0], [4, 5], [2, 0], [6, 1], [1, 3], [1, 1], [0, 7], [1, 4], [1, 4], [3, 2], [2, 2], [3, 4], [7, 4], [4, 2], [3, 0], [5, 7], [5, 2], [2, 6], [0, 3]]
0.9575 42
[[1, 7], [6, 3], [5, 6], [2, 7], [5, 2], [0, 7], [4, 3], [5, 4], [1, 4], [5, 5], [6, 4], [2, 4], [3, 6], [3, 0], [0, 6], [5, 7], [6, 6], [4, 5], [0, 1], [4, 3], [3, 5], [7, 4], [7, 4], [6, 0], [4, 5], [2, 0], [6, 1], [1, 3], [1, 1], [0, 7], [1, 4], [1, 4], [3, 2], [2, 2], [3, 4], [7, 4], [4, 2], [3, 0], [5, 7], [5, 2], [2, 6], [0, 3]]
0.958214285714 42
[[1, 7], [6, 3], [5, 6], [2, 7], [5, 2], [0, 7], [4, 3], [5, 4], [1, 4], [5, 5], [6, 4], [2, 4], [3, 6], [3, 0], [0, 6], [5, 7], [6, 6], [4, 5], [0, 1], [4, 3], [3, 5], [7, 4], [7, 4], [6, 0], [4, 5], [2, 0], [6, 1], [1, 3], [1, 1], [0, 7], [1, 4], [1, 4], [3, 2], [2, 2], [3, 4], [7, 4], [4, 2], [3, 0], [5, 7], [5, 2], [2, 6], [0, 3]]
0.941785714286 42
[[4, 6], [7, 1], [7, 7], [5, 0], [0, 5], [3, 6], [4, 7], [1, 5], [0, 7], [4, 7], [4, 4], [6, 5], [3, 4], [4, 6], [4, 2], [7, 6], [3, 4], [4, 6], [6, 3], [1, 4], [0, 7], [0, 1], [7, 6], [4, 0], [4, 5], [2, 0], [6, 1], [1, 3], [1, 1], [0, 7], [1, 4], [1, 4], [3, 2], [2, 2], [3, 4], [7, 4], [4, 2], [3, 0], [5, 7], [5, 2], [2, 6], [0, 3]]
0.949642857143 42
[[1, 7], [6, 3], [5, 6], [2, 7], [5, 2], [0, 7], [4, 3], [5, 4], [1, 4], [5, 5], [6, 4], [2, 4], [3, 6], [3, 0], [0, 6], [5, 7], [6, 6], [4, 5], [0, 1], [4, 3], [3, 5], [7, 4], [7, 4], [6, 0], [4, 5], [2, 0], [6, 1], [1, 3], [1, 1], [0, 7], [1, 4], [1, 4], [3, 2], [2, 2], [3, 4], [7, 4], [4, 2], [3, 0], [5, 7], [5, 2], [2, 6], [0, 3]]
0.949285714286 42
[[1, 7], [6, 3], [5, 6], [2, 7], [5, 2], [0, 7], [4, 3], [5, 4], [1, 4], [5, 5], [6, 4], [2, 4], [3, 6], [3, 0], [0, 6], [5, 7], [6, 6], [4, 5], [0, 1], [4, 3], [3, 5], [7, 4], [7, 4], [6, 0], [4, 5], [2, 0], [6, 1], [1, 3], [1, 1], [0, 7], [1, 4], [1, 4], [3, 2], [2, 2], [3, 4], [7, 4], [4, 2], [3, 0], [5, 7], [5, 2], [2, 6], [0, 3]]
0.952857142857 42
[[1, 7], [6, 3], [5, 6], [2, 7], [5, 2], [0, 7], [4, 3], [5, 4], [1, 4], [5, 5], [6, 4], [2, 4], [3, 6], [3, 0], [0, 6], [5, 7], [6, 6], [4, 5], [0, 1], [4, 3], [3, 5], [7, 4], [7, 4], [6, 0], [4, 5], [2, 0], [6, 1], [1, 3], [1, 1], [0, 7], [1, 4], [1, 4], [3, 2], [2, 2], [3, 4], [7, 4], [4, 2], [3, 0], [5, 7], [5, 2], [2, 6], [0, 3]]
0.95 42
[[1, 7], [6, 3], [5, 6], [2, 7], [5, 2], [0, 7], [4, 3], [5, 4], [1, 4], [5, 5], [6, 4], [2, 4], [3, 6], [3, 0], [0, 6], [5, 7], [6, 6], [4, 5], [0, 1], [4, 3], [3, 5], [7, 4], [7, 4], [6, 0], [4, 5], [2, 0], [6, 1], [1, 3], [1, 1], [0, 7], [1, 4], [1, 4], [3, 2], [2, 2], [3, 4], [7, 4], [4, 2], [3, 0], [5, 7], [5, 2], [2, 6], [0, 3]]
0.950714285714 42
[[1, 7], [6, 3], [5, 6], [2, 7], [5, 2], [0, 7], [4, 3], [5, 4], [1, 4], [5, 5], [6, 4], [2, 4], [3, 6], [3, 0], [0, 6], [5, 7], [6, 6], [4, 5], [0, 1], [4, 3], [3, 5], [7, 4], [7, 4], [6, 0], [4, 5], [2, 0], [6, 1], [1, 3], [1, 1], [0, 7], [1, 4], [1, 4], [3, 2], [2, 2], [3, 4], [7, 4], [4, 2], [3, 0], [5, 7], [5, 2], [2, 6], [0, 3]]
