% figure 1
                      1000                      0.83
                      1500                     0.859
                      2000                     0.876
                      2500                     0.887
                      3000                     0.894
                      3500                     0.899
                      4000                     0.899
                      4500                     0.905
                      5000                     0.911
                      5500                     0.911
                      6000                     0.911
                      6500                      0.91
                      7000                     0.913
                      7500                     0.915
                      8000                     0.914
                      8500                     0.918
                      9000                     0.922


% figure 2
			10		       0.7970			 0.8460
			20		       0.8670			 0.8990
			50		       0.8680			 0.9050
                       100                     0.861                     0.897
                       200                     0.859                     0.894
                       300                     0.859                     0.896
                       400                     0.856                     0.891
                       500                     0.856                      0.89
                       600                     0.856                      0.89
                       700                     0.849                     0.884


% figure 3

