% ret = [ret; hw1Classify(1000 : 500 : 9000, 1000, 200, 1)]
                      1000                      0.83
                      1500                     0.859
                      2000                     0.876
                      2500                     0.887
                      3000                     0.894
                      3500                     0.899
                      4000                     0.899
                      4500                     0.905
                      5000                     0.911
                      5500                     0.911
                      6000                     0.911
                      6500                      0.91
                      7000                     0.913
                      7500                     0.915
                      8000                     0.914
                      8500                     0.918
                      9000                     0.922
